"OPEN 5.3.2"
"Fri Jul  1 2011 14:37:19"
"Unit="	"PSC-121"
"LCF="	"LCF-0578"
"LCFCals="	" -1.47 -1.48-2953.58"
"ComputeList="	"/User/Configs/Comps/Std Flr Comp"
"BLCTable="	"/Sys/Lib/BLCTable_LCF"
"LightSource="	"6400-40 LCF"	1	0.16
"LogFormat="	"/User/Configs/LogFormats/Std Flr Log"
"LogCodes="	-35	-21	-36	30	23	36	-86	-88	-87	-89	-90	4202	4211	4212	4213	4206	4205	-81	4207	4215	4216	4220	4221	-96	4222	4223	21	25	-33	-34	-32	-9	-10	-8	-1	-2	-4	-5	-14	-15	-7	-12	-13	-11	-65	-66	-72	-23
"PromptList="	"/User/Configs/Prompts/Default (none)"
"Stability= (Photo 20s SLP<0.5)(Cond 20s SLP<0.01)(H2OS 20s SLP<1)(F 20s SLP<1)"
"14:37:21 licorA"
$STARTOFDATA$
"Obs"	"HHMMSS"	"FTime"	"Photo"	"Cond"	"Ci"	"Fo"	"Fm"	"Fo'"	"Fm'"	"Fs"	"Fv/Fm"	"Fv'/Fm'"	"PhiPS2"	"Adark"	"RedAbs"	"BlueAbs"	"%Blue"	"LeafAbs"	"PhiCO2"	"qP"	"qN"	"NPQ"	"ParIn@Fs"	"PS2/1"	"ETR"	"Trmmol"	"VpdL"	"Area"	"StmRat"	"BLCond"	"Tair"	"Tleaf"	"TBlk"	"CO2R"	"CO2S"	"H2OR"	"H2OS"	"RH_R"	"RH_S"	"Flow"	"PARi"	"PARo"	"Press"	"CsMch"	"HsMch"	"StableF"	"Status"
"14:42:04 Fs=505 (   3 0.25   5  10)"
"14:42:06 Flash#27 7404 um, Fmax=692 (Sgl 0.8   8 NoC   20  50)"
"14:42:06 Fm'=692"
1	"14:42:06"	293.5	17.4	0.212	245	0.0	0.0	0.0	692.1	505.3	0.000	1.000	0.270	-1	0.850	0.850	10	0.850	0.014	0.270	0.000	-1.000	1500.7	0.5	172.152	3.6	1.72	2	1	9.29	24.72	24.76	24.71	400.27	387.73	11.677	14.048	37.71	45.37	299.7	1501	1	101	-0.76	-0.333	0.8	111125
"14:46:12 Fs=512 (   3 0.25   5  10)"
"14:46:14 Flash#28 7393 um, Fmax=592 (Sgl 0.8   8 NoC   20  50)"
"14:46:14 Fm'=592"
2	"14:46:14"	541.5	-3.77	0.224	40.3	0.0	0.0	0.0	592.3	512.9	0.000	1.000	0.134	-1	0.850	0.850	10	0.850	-0.002	0.134	0.000	-1.000	1501.5	0.5	85.494	3.75	1.69	2	1	9.29	24.66	24.68	24.67	11.04	13.52	11.647	14.115	37.75	45.75	299.7	1501	1	101	1.5	-0.334	0.8	111125
"14:49:57 Fs=505 (   3 0.25   5  10)"
"14:49:59 Flash#29 7399 um, Fmax=587 (Sgl 0.8   8 NoC   20  50)"
"14:49:59 Fm'=587"
3	"14:49:59"	770.5	-1.15	0.252	58.3	0.0	0.0	0.0	587.5	505.9	0.000	1.000	0.139	-1	0.850	0.850	10	0.850	-0.000	0.139	0.000	-1.000	1499.8	0.5	88.590	4.18	1.68	2	1	9.29	24.74	24.69	24.73	51.75	52.37	11.553	14.299	37.25	46.10	299.7	1500	1	101	1.12	-0.347	0.5	111135
"14:53:31 Fs=496 (   3 0.25   5  10)"
"14:53:33 Flash#30 7401 um, Fmax=594 (Sgl 0.8   8 NoC   20  50)"
"14:53:33 Fm'=594"
4	"14:53:33"	984.5	2	0.28	84.3	0.0	0.0	0.0	594.5	496.7	0.000	1.000	0.165	-1	0.850	0.850	10	0.850	0.002	0.165	0.000	-1.000	1501.5	0.5	104.997	4.48	1.63	2	1	9.29	24.72	24.49	24.73	100.06	98.43	11.514	14.458	37.17	46.68	299.7	1501	1	101	1.14	-0.356	0.5	111135
"14:58:20 Fs=492 (   3 0.25   5  10)"
"14:58:22 Flash#31 7391 um, Fmax=601 (Sgl 0.8   8 NoC   20  50)"
"14:58:22 Fm'=601"
5	"14:58:22"	1273.5	5.78	0.308	112	0.0	0.0	0.0	601.5	492.9	0.000	1.000	0.181	-1	0.850	0.850	10	0.850	0.005	0.181	0.000	-1.000	1499.3	0.5	115.075	4.87	1.61	2	1	9.29	24.76	24.46	24.75	150.07	145.74	11.364	14.565	36.59	46.90	299.6	1499	1	100.9	0.748	-0.373	0.5	111135
"15:02:05 Fs=492 (   3 0.25   5  10)"
"15:02:07 Flash#32 7400 um, Fmax=615 (Sgl 0.8   8 NoC   20  50)"
"15:02:07 Fm'=615"
6	"15:02:07"	1498.5	9.15	0.327	144	0.0	0.0	0.0	615.7	492.0	0.000	1.000	0.201	-1	0.850	0.850	10	0.850	0.008	0.201	0.000	-1.000	1500.9	0.5	128.123	5.06	1.58	2	1	9.29	24.79	24.38	24.80	201.60	194.84	11.363	14.690	36.53	47.23	299.7	1501	1	100.9	0.502	-0.37	0.8	111135
"15:06:04 Fs=491 (   3 0.25   5  10)"
"15:06:06 Flash#33 7397 um, Fmax=639 (Sgl 0.8   8 NoC   20  50)"
"15:06:06 Fm'=639"
7	"15:06:06"	1737.5	15	0.333	210	0.0	0.0	0.0	639.9	492.0	0.000	1.000	0.231	-1	0.850	0.850	10	0.850	0.013	0.231	0.000	-1.000	1501.6	0.5	147.506	5.08	1.56	2	1	9.29	24.66	24.18	24.69	301.44	290.43	11.210	14.549	36.32	47.14	299.7	1502	1	100.9	-0.288	-0.374	0.5	111135
"15:09:54 Fs=494 (   3 0.25   5  10)"
"15:09:56 Flash#34 7397 um, Fmax=661 (Sgl 0.8   8 NoC   20  50)"
"15:09:56 Fm'=661"
8	"15:09:56"	1967.5	19	0.304	275	0.0	0.0	0.0	661.7	494.3	0.000	1.000	0.253	-1	0.850	0.850	10	0.850	0.016	0.253	0.000	-1.000	1499.6	0.5	161.193	4.88	1.64	2	1	9.29	24.74	24.43	24.74	400.74	386.79	11.020	14.233	35.52	45.88	299.7	1500	1	100.9	-1.11	-0.357	0.2	111135
"15:15:27 Fs=496 (   3 0.25   5  10)"
"15:15:29 Flash#35 7413 um, Fmax=680 (Sgl 0.8   8 NoC   20  50)"
"15:15:29 Fm'=680"
9	"15:15:29"	2300.5	21.5	0.18	376	0.0	0.0	0.0	680.5	497.0	0.000	1.000	0.270	-1	0.850	0.850	10	0.850	0.018	0.270	0.000	-1.000	1498.4	0.5	171.758	3.27	1.83	2	1	9.29	24.63	24.85	24.67	600.15	584.54	10.920	13.077	35.43	42.43	299.7	1498	1	100.9	-3.22	-0.307	0.5	111135
"15:20:51 Fs=498 (   3 0.25   5  10)"
"15:20:53 Flash#36 7407 um, Fmax=679 (Sgl 0.8   8 NoC   20  50)"
"15:20:53 Fm'=679"
10	"15:20:53"	2624.5	20.2	0.0959	523	0.0	0.0	0.0	679.9	498.3	0.000	1.000	0.267	-1	0.850	0.850	10	0.850	0.017	0.267	0.000	-1.000	1502.2	0.5	170.517	1.97	2.05	2	1	9.29	24.47	25.28	24.50	901.36	886.72	10.463	11.761	34.28	38.53	299.7	1502	1	100.9	-7.07	-0.247	0.5	111135
"15:24:25 Fs=502 (   3 0.25   5  10)"
"15:24:27 Flash#37 7395 um, Fmax=696 (Sgl 0.8   8 NoC   20  50)"
"15:24:27 Fm'=696"
11	"15:24:27"	2838.5	23.9	0.0705	799	0.0	0.0	0.0	696.1	502.6	0.000	1.000	0.278	-1	0.850	0.850	10	0.850	0.020	0.278	0.000	-1.000	1501.1	0.5	177.291	1.52	2.15	2	1	9.29	24.56	25.60	24.55	1399.44	1382.10	10.377	11.381	33.82	37.09	299.7	1501	1	100.9	-14.1	-0.236	0.5	111135
"15:28:19 Fs=505 (   3 0.25   5  10)"
"15:28:21 Flash#38 7403 um, Fmax=706 (Sgl 0.8   8 NoC   20  50)"
"15:28:21 Fm'=706"
12	"15:28:21"	3072.5	26.2	0.0533	1.14E+03	0.0	0.0	0.0	706.9	505.6	0.000	1.000	0.285	-1	0.850	0.850	10	0.850	0.021	0.285	0.000	-1.000	1502.5	0.5	181.847	1.16	2.15	2	1	9.29	24.52	25.60	24.54	2001.03	1982.02	10.596	11.358	34.60	37.09	299.7	1503	1	100.9	-23.7	-0.236	0.5	111125
"15:32:18 Fs=490 (   3 0.25   5  10)"
"15:32:20 Flash#39 7393 um, Fmax=608 (Sgl 0.8   8 NoC   20  50)"
"15:32:20 Fm'=608"
13	"15:32:20"	3311.5	4.6	0.0538	248	0.0	0.0	0.0	608.8	490.3	0.000	1.000	0.195	-1	0.850	0.850	10	0.850	0.004	0.195	0.000	-1.000	1499.8	0.5	124.101	1.17	2.17	2	1	9.29	24.60	25.83	24.58	399.88	396.50	10.843	11.618	35.25	37.77	299.7	1500	1	100.9	-1.39	-0.236	0.8	111125
